Ι 1180188811

61111 11801111 611113111111111 8111111011 1111 1111311111.

m 0

fflrahauutorp Neo 1385. Biskopsbergn 1175. 8111111 113, 720. 8811123.
1111118 332. 8111111111 1242. 81111161306, 579. 88111111811682.
Affwffh 1102 ξῗεὶίἑιμίξὲὲ ’ ξτὲἓηῑυωὲδε.717ῧ90. x ἒὲ16111111.11325112.
1 . er 1· sa , . 1111111. .
mbo 11181269, 1908, 70. ’81111111 1424. 8111118 537. Egby 378.
1111112810. 81111181111111422 811111, hd. 1090, 2027. 'Eggby 1. 1344,(1335,)1901, ,
11111] 829. 8111111111 1252. 8181111118 242. 8110111392. . ’ ·
81111118 1402. 8111111187. “ 811111, hd. 1414, 2005. 811111 s. 15741771, 1855,
81011011 1317. 8151611.1183,1559. 8161111937. Ek 1.· 1333.
fflgutsrum 1. 1324. 815181 1. 1380. gutinge 257. 811 197.
7177? 118121]Ὶ 11811511 115115 11163131118968 1990. 1111181156
1111111, 1. 567. 8181111118118.1103. 8111111111 1. 1245. . 8111181, 1912.
,1111118 748, 2978. 8101110811998. 1950. Bykviken 942. 01111190, 417, 484, 617,
811111· 1. 1042. 8181111111 2058. Byn 1082. 773, 886.
1111111111. 11111111111111. 1111111311. Ε1111.1611,·1.1111.·
Altum 1. 790. 81111118 833. Effinge hd, 1. 130 811111111111 1353.
Alauda 1. 277. 81111111111230. 81111113 1724. 818111111 600.
’8111118 709. 8181111181 1. 915. 8111111181 766. ’ 811811111937.
61111 1. 1736. 811111 0111 1308. Barba, 1. 892. 8111181611. 263, 264.
,11111111 1. 469. 8181111131 1090. 8111111111, 210 . 81118111111111111181647.
81111111 547. 8111111111 74. “ 88812808. 8111111111149.
,11113111 1. 1270. 81111111 170. 81111111 1 1352. ¹ Elgarfis 111982.
8111111659. 8111111 14141576, 1822, 81111 1.,1407. 81111111 1945.
Arno 1. 710. 2005, 32, 58. . 8111111118 888. 81111131. 745.
Δ11111118 hd. 1286. 8111118 823. 811111 1. 126. 8181111111 1973.
Aska· 118. 11721657 1111181111 1. 1970. 81111111 1. 271. 811891.
1111111110. 81 1155. (1110111366. 8111111 355, 620, 882,,1092,
8111181330. ’ 8111111, 1111411104. (11111111111418. 2027. ,
1111111. 1111, 1. 11111 11111111. , 1111111115, 1111111111111.
Askeryds 1. 1206. 81811111 752. 01111118 637. 8111181111 954.
Δ1111 868 91111118 642. 0131111111 1. 1094. 811111ρί13 713.
Δψδ 952. Ι 1111111111 ’· 0181131 1342, 1346, 1401, 81111111· 1. 792.
,1111111111 1741 8111181. 861. 1410, 2713. 81111118 1254.
,8011811118 312 · 81511111 1647, 76, 1975, nala 1189. Erlinghundrad htd. 531,
81111916. 2033, 64. 01111111 1043, 1937, 1951, 1555.
,41111181 253. 8111111118 1268. 1967, 2320, 2971. 8111111194. “
8181111181 1. 996. ‚ 8111116 1669. 011111 1. 95. 8111111111 1. 216.
811111 973. 8111118 199. Dalby 694. 811111 1. 285.
8111111111 1. 84. 811111 335. ’ 0111111111972. 8111111181 150
8111118111 996. 811811011613 0111118.1660,1686 . 8111111111969.
811811111157211742Λ992. 1311811111, 1. 118. 0111111111406. 8111 865,
’ 8111111111 1156. 8111111320. 01181118111111111.639.1. 81111111 1. 619.
8111111118 11181129. 81161111, 1, 8101629. 660 ¹ 811161111688. ¹
1 1111111111. 8111818183. 0111111111 1. 204. 8111811111 206.
ἶ 8118111161 1. 1913. 8111111113Ίο , 0111111 1107016831953, 8111811111 11113 1573, 1768,
81111118. 1384. 81111118,1. 1676. 2316. 1854.
8111111118 449. 81181 1. 738. 0111111 1. 926. 81111111 244. y ·
8116111111· 468. 8111811181 1. 1252. 01111111 1. 1020. 8111111111ηά1 s. 1398.
81111118 491. -811815111618 0111111111902. 81111111 1. 1045. Ι
8111 s. 1328. 811, 285, 1350. 0111111118 832, 871. Fiby 112.
Bergn 165, 463, 507, 637, 811 hd. 312, 1111111111 0111 s. 1991. Fide 1. 1790
8301002,1074,2056. 1. 62011113 1721, 2014. Drottningholm 362. “ 8111111811 1245.
1255. 811, 1. 3121721 “ 1111111552. 8111118 55, 603, 751.
Bergby 781. Brob 31, 304, 545, 590, 0111111790. 81111 657,1. 752.
Bag 9391. 1670. 6 ,821Ι , 0111111111 1308. 1111111219,
8111111111· 1. 889. · 8118811111 179. 01111111 1434. 8111111111 2063.
811111 822. 8118111111 1352. 0111111111811. 1274. 811111 s. 911.
6111111111391. 81111111 · 0111111111253. Flisbys 1207.
81111111, 1. 371. 8111111101 1245. 8111118 377. 1336·
8111111118 556. Ed 392, 1248. 81111118 119.
8111111] 788. · 881 1. 396, 11991282 811 1. 1375.

 

