-111—

1111111 1. 1186. 111111.1ο11,1611,1181. 66311611425. 111111. 115. “
11161111,166,161. 1111161111. 11161651. 1111111215. 1262. . 1116111362.
1111111661 794. 611616161412. 111311111111813. 1116661611704, 2031.
1111166 1056. 6111666161131 616 1338, 111331 1. 569, 2007. 11111111. 632.
11631492. 1616, 1630, 1641. 1113111953. 1161611111 518.
66363125, 111891361. 611161116111161273. 11131161616739,11689. 116611614113091850·
11636161 816. 6111 1. 2804. 1111166661 1140. 1161111666111 137, 558
66316166112806. Kjula 1. 979. 1111661361 1. 1131. 1163611 s. 1768
11631 1. 1968. 61116111 804. 11116161111111 872, 111116 1117.
11153661 1079. 6161 282. 111111 1. 1388. 11611136 6161094.
116316361289,1566,2809. 6161111.1637,1642. 1111116111 1388. 11616111. 15761812.
1163111 1 1988. 611116 1. 1751. 116661 11. 1146. 11611136 655.
1163116111 1, 1884. 6113311136 948. 11611 61. 17691854. Lot 1. 689. 1
11631116 155. · 6161161 1. 971. 11611616 1366. Malmby 586.
66311611568,980.1.1355. 6131111722. , Le estad 294. Μ111ι1.901, 1980.
1163161111 1119. 6111111161. 562. -116161361 1. 1943. 11111116 1614.
1166111613 1344. 6111631. 288. 1161166131. 1330. Μ1111161065.
1111161611 14111. 6611616 1281. 1161111 s. 1385. Μ11111136 35.
6116111161 268. 66161619741627. 11611 1228. 111111611161329.
1160 11194· ²⁰⁵⁶' 1099111116 1311111151 1111311161·
ο 1. . · ona z . · . s= . ·
1111611111209. 661316611340. 1161111136 1. 859. 1111116111 1. 492, 2019. ’ x
6111113166111 845. 6613166113 697. 1116 911. Marma 577.
1161116 1. 1947. 66161311161 s, 1103. 11161 847. 111111111661111439.
1611161. 1062. 661613 1166. 11161136 663. 11111666 1. 1729.
1611118117. 6611111611, 66111613 1352, 1111131111.685,1200. Μ6661111616161914, 2958.
1611111111. 661111. 588 11111111 1734,1947, Μ66616111. 1023.
[fla 1266. 61136661111428, 1111611 . 1661163 2059.
. 13611116 624. 6113111612. · ’ 11116162. Μ6111113.
11611116· 1262, 2027, 616 616 6111 2055. 11116616111244. 1661116131 116 1125, 1655.
1425, 1624. 61611116 166, 1111661111 1. 1346, 1616. Mjfilhy 1. 1169.
11316 79. ’ 6111161613 962. 111160 459. Mo h:d 2929.
1131611 1113265. 6116111136 1. 1938. 1113 1111113113 1133. - Μ631116.1122.
166111666131919. 1736. 1111111161 538. 681. Μ611116153. .
161111111169. 6116611. 1107. 11111611 1. 664, 2991. Mora 571, 984. ,
1163 785. 6111131 616 1392, 1987. Lista 1. 999, 1949. Morby 570.
1111 by 2059. 61111 1. 761. 1111161 1612059. 1116111111 1. 275.
11116 2810. 661161111611, 1125, [11116161 s. 1914, 2058. 11611116 136, 598.
1113111689. 6611116131161856. 1111131 1. 1241. 1266. 61616161 759.
sidet 1. 981. Ι66111136 674. 11111361 1. 1265, 2979. Mortorp 1. 2977.
11111611 111 1111111161161111, 1361166611428. · 111611. 1111111.
1161127, 42 202. 616.1.1036,1192. 11616 360. , Μ111111661337.
1111111116 1985. 61131661 1877. 1166171161 s. 619. Μ61111 s. 335.
simma 1179. 6113161994111636 1. 866 museum, 6611311629.
1111611161 61111416. 611611161278, 11133666 11161825. 1111616163 1. 1314.
111111 318. “ 61111456. 1111111611ηὰ1 1113 1718. 1111661 209.
111116111178. 61113663 7117. 11616 398, 1950. stad 1577, 91111136 753.
1111161311 1. 1905. 6116111221. 1916. Jfr. 61. 8. 113111 891076.
1111616111 1. 1071. 6311136 998. 116161 1. 522. 11116616 589.
11161611 1116 887. 6111616131 1. 1634. 1161663 44, 495, 949, 120⁰. 1111113151, 726.
1116611164. 11411161 11111 1634, 1687, 1. 1016. 111311611465.1.1931.
61 1 1. 1143. 1940. 116136 959. Μ111113113113 898.
611663 2064. 61111161 616 1362, 1563, [1613611111025. Μ11161631.1572,1744. ,
61111116 1. 30. “ 1589, 1674, 2094. 1136663 811. 11166616 78, 2054. ,
6111631446. - 6111116 6, 49, 667. 113611763. 1116111111 1. 1015.
61161479646. . 6316166 2805. 1136616111 hul 694. 11611661 452.
611661 1975. 6111111136 1029. 1131611116 1. 1325. Μ6111ρ 1243.
1111166131 310. 111111119115612813. Lysins 616 1192, 1669, 1116161682.
6111661 1186. ’ 611166 241. 2929 1 116163131316. 1319, 1569,
6111611 1323. 6111611339. 111111 161. 2057, 2 11.
Knrsby 573, 2007. 6111111111 161 246. [111161111905. 111116 6161290,1971,2321,
611116111. 1318. Kirna 1. 1143. 1116611133. 2977.
mnas 1. 924. 6111166 1. 929, 2026. 1111133111 675. 116116 1. 844.
6611611611 1. 1173. 61111ῇὸ 1147. 16131136 1. 1907. Μ6111161 1. 1286.
6611311111 1089, 66116 222. 6313661611616 5691625. 1111161111 (111111) 1939.
6613111169. 66111136 114. 2007. 6666161611 227.
11111 616 1019, 2ou3. 6631131922. 1. 1291 1111316611 1. 739. 11666161312034.

 

