*V-

811111111 490. . 7611116111856. ’1111111111 1. 1383. 99111111 hal 1251, 1907,
8111111111. 1345. 7111111116 1. 934. 96111111 353. 1968, 1990.
811111111309. ’1111111111 985. ’1111111111 s. 1128, 1558, 991111181111295,
8111111111 363, (111. RB. 751111118114. 2068. 9911111·111116,1013.Ι
9,10, 11.) 7111111111) 1354. Udby 587. westerljungs 1. 857.
8111111 1279. · ΤΙιο111111111111,1. 771. Ugglum 0. 1632', 1636, 991111116111.1148,1656.
81111611 zm ’1111111111 1. 1055. 11111116 1. 1412. 1911111111 1. 993.
81111111112068. 7111111111277. 1111111317. 191111111995,1902. ι
8111111111 955. Τ111111111325. ’ 11111111111331. 99116161 1383.
stro 1447 1111111111 · 1111111112002. 9911111 1111 1234. 1614,·’
8111111128. - Tible 584, 728, 2018. 1. 111111311111111101,1552. 16681 1969·
8116111111 808. 24179824, 1624. 111111111111111411. 991141· 11671 1557· ·
8111161839. 71111127. 11111111 11114. ” 1191116 1273. ,
81111116 1. im 71113 978. 1111131111 665, 2001. Wi 1. 2814.
. 8111111111 had 1676. ’1111111 1. 259. 11111111111120701. 9911111387.
811111 834. ’111Ιὶ1111 ⁸· 725· 1111111111 1202. Wiby 391, 561. p. 1039,
81111328. ’9111 1111111769. 11111111 101, 292, 184. 4167· ·
6111111913. 7111111111εά 1. 1410. 1111111311111111 1945,1991. 19111111536.
81111111 348. ’11111113 1. 1099. 11111111 s. 1238, 1439. ’99111110 1. 526.
81131111 145. Τ111111111 1. 1718. 11111111 1855. 99111111 11111 1161, 1557.
“ Sundby 147, 347, 376. 71111111 905. Urlunda 729. Wigby‚ 97, 213, 671.
suna 271, 914, 1199. ’1111111111 212. 111111 ’1. 1278. 99111151θὸ5, 933.
8116111111 1207. Tjurbo hzd 998, 1010. 991111 1. 468. 9911 91, 423.
86116711· 1617· ’1111716417 4411 724. 99131110 1118 1325, 1670, 1911111111811155.
1111111. had 11511611). 7111111 1281. 1111, 1111, 1111. 1111111111111.
1969. ’ 71111126 466 9911111111 1. 900. 1911111151.
81111 1064. ’11611 2033. ⁴ 9913111111 1172. 1911111111 1. 245.
811111 462. ’1161111111 1253. 9911111111 1 16, 2006. 19111111 1 1. 675.
&dumam 1073. 71111 1. 1742. 9911111111 1. 849. 99111111 1 had 21110.
8111111 29. Talna 1. 262. 9911110 1050. Wiufittinge 11111911.
8111111111 hx! 815. ’11111113 1. 1663. 9911111· 224, 760, 992. wileka hzd 1356, 1637, 42.
81111118, 345. ’11111111 646. a 9911111111111 223. 9911111111 429. '
8111111111 1. 1243 ‘solutor 248. 255 ’ 9911111111111152. 9911111111111284.
. 81111111 143, 478. Torua 8181440,1577,1994. 9911111111 1. 1444. 99111,1.14111,1639. “ “
8111111111 1. 731. Το11111(417,393). 991111 918, (1124) hui Win 1111, 1. Q.
8111111111 1. 2825. ’1111111 1. 11191. 1344, 1643, 2085. Win 61, 1. 1348.
811111 1. 885. 71111111 2035. 99111611124.1. 686. 9911111445.
8111. 1168. ’1111111111 11111 327. 9911111111111 1111402, 1554, 9911111 1740.
31111164.1093 Tranemo 1. ⁴1³· 11111111111411101, 111111111116111141.
81111151 s. 1347. Γ11111116 1272. 2823, 991111 1113 1201,1666,1942.
61111115· 1911119211 111 921191111119111 9111111117 ¹⁶⁹²
811 65, 215, 390, 1311. Τ1111111111111 795. 99111116 812. 9911111111196.
8111511111 669. 1....1.1111.111..115,1..’ 18091857. 99111111111712421164439ω. ⁰
Sillinge 210. 7111111261. 9911111 1116. 1911111791, 1664, 21118. - . ·
81111161 s. 1371. ’9161111 h:d 664, Mi. 1911111111 udde 38, 9911111 896.
saur 1042. 71111111 167. 9911111111 11131357,1359, 991111111349.
8111111131 1. 865. ’9111111111 hul 1016. 1561, 1638, 1691. 9911111111111, ι. 13581631.
5111110119. . 7111111111 1. 1435. 9911111 had 184,1. 191, 9911115111 1. 1129.
8111111. 1082. ’1111111 1 987. 1553. 9911111111 120.
861115121850417111825» Tun ⁸· 1367. 1911111111 175. 99111111111111.717.
840. 876. 1.623,1356. Tum 149, 1264. 1. 284, 99111111 lud 1204. 99611111 735.
1111111111, 1111. 1111, 11111115. 111111111111111111. 1111111111.
8611111111 796. 711111111ω1. 9911111211. 9911111932
8611111111 1. 1426. Treta 111111203190511948. Wemmenhbgsbtd1433. 99111111111311.1660.
8911116111 2060. 7111111111 851. 9911111111 1011. 9911111111 529.
8611111161 s. 1415. 71111116 2025. 9911111111 lud, 1. 256. wana 319.
“ 8611111123. 811711.Ι Tyrjestad 727. · · Wekholm 1. 702. 9119111116 616.
1 1111111111. 1111111111. 11111. 111. 1111111111 111.
1 1111112064. 9116111105. 9911111111ηά 1040, 1981, 9911151112016.
1 7111511120, ’1611116 1. 1247. 2003. 1981111918.
,¹- 11111. 733. 7111111643, 10311867. 1911111111.1246,1565. 19111111.111,1552,.1738. .
’, 71111(Νο11)628.(86(1111196- 7111111111820. , 991111111687,1940. 1911111137, 710.
Ἰ Τ111111.234. Τ111111111111892. 99111 11131042. 1911111116 638.
’1111111111 1236. 111111. 1368. 191111 1036. 19111111 1269·

 

