“··· 11·-

1011111ιο 818 61111111. 751. ‚ 010110 1171. 0101001111 1. 1272.
11111100 1. 1005. 611110 139. 01100101 1. 1781. 011110101132.

11110111 1. 1696. 611110100111001021. 01111111 1205. 011111 1439.

11111111 1052 6111 371. 11111 s. 11. 11000111 11111791, 1857.

’ 00100 1. 961. 6110011111 1421. 01101650. 00011.1411,1821.

1 10 903, 1326. 6100110 1231. 011101 1. 75, 2054. 0012991122. 1 1397. .
10111 1. 1722, 2012. 6111111 881. 01111101 010 69, 2051. 00111101 1010
1011111101157. 611111 203. 011110111 2005. 00111 555.
10111110 77. ’ 6011111110 238. 01111 11011592,1613,1730, 001011011276.
1011101 1015. 60111011 1167. · 1972. 0011111182.
1010-81110011. (101ϋό111625. 0111 s. 1699, 1700. 00001111 96.
1001111615. Gran ε. 36. 43, 1111 muana 1511, 1675, 1111. Holmshy 111.
1011 1. 826. 6111101499. 01101110 010 15781675, 001011. 7501578
10111 11111570,1099,1910, 6111010111 977. 2070. 0010011417.

2030111952. 611001 831972. 01001101251, 298, 4211 0010111172.
1011010111251. ’ 6111010011323. 1. 418, 978, 2795. 001111 613.
101101 782 6111111467, (1202). 010011111οε 1101121. 0011101 1225.
10111 1437. 61111101 666, 678. 0101111011 1010. 0011111101 687.
1111111110 1153.· 6110111111 0101039. 0101118811. 1801. 0011101111 s. 1353.
1110111111 554. 611001 874. · . 0111000101 00 12801566. 001οο s. 1971.
1111110 1. 201, 1621, 2299, (611100 111053) 011111101001103. 0011111111. 156, 71.

2708, 2794. 6111110010 927. 01111111 1. 1701. 01001111 s. 791.
1011111110 1. 1633. 610οι11 1600 11111111 s. 819, 2024. 0101111110 1063. Ξ
110111 001416. 610111 11. 1360. 01111110 2011. 01111 1. 1211. 1
1111101101 809. Grynum 29. 01111101 269. 0111101101 s. 1508, 1916, ’
Fructum ⁸. 923. 61111 1. 69. 01111111 1. 1011 2807.
11000101 1. 1234. 61111 61, 761. 0101011011 1351. 0111111110 1169.
110111 1. 1756. 6111101 256. 011·οο 1. 794. 0100111110 690.
1101100100. 1358, 1631. 61111 1. 921. 01101111,931, 934. 0110111001110111 817.

, 1101111101 1. 740. 61111110 182. 0110111111 11994. 1110111101429.
110101085. 61111110 1010. 0110100110 1038. 011101 1. 1338, 1630,
1101111111 00 266. 61111110 289. 0011271411509, 0110 336, 493, 521, 511,
1101111101 367,1. 508. 611 1101 1. 1313. 0111111110101145. 93. .

1101101111. 788 6100 0111101105. 0111111145. 01101 s. 541111. 601,
11011111 1397. 61011110 1190. 01111 1. 1327. 668, 697, 897, 976,1116.
1101111 81111111. 628. 61011111 971. 11101 s. 1193. 01111110 899.
1101188, 1682. 6101110100 1. 1785. 0101 s. 1087. 0111111101 1. 1215.
111111 1. 1136. 6101111111 11111 1781, 2014. 010100111013. 0111111101 1. 1251
,11000 1. 301, 1677,1879. 6101683. 0101111101900. 0111111111 1. 776.
,110111110111101 610010 010 13521560, 01011101 s. 1018. 01011138.
1011119111Άο 03101011911913, 11111111 11111111, 111.1·11,1551.1111
1110111693. 1986. 1993. s. 1719, 1911,1993, Ha 1118.
1111101. 1382. 61111222. 01110101 s. 1721. 0111010111 1. 1351.
F* 11001332. 6100111010 11101656 011111111283. 0111 1. 1369.
Fi ebro 648. 6111101011 459. 0111110 1. 963. - 0111111111. 265.
1111111111 00 331. 1678, 6111101007. 0111111101 s. 911. 0101117.
2009. 61000111 758. 01110111 1. 1174. 01111110 231.

- 1110011111 1. 338, 611001 1 1121113117, 1944. 0111101528. 0111111 1642.
1011111. 1391. 61101011. 1279. 0111011010 torp 712. Ι 0111111 1669.
1011 1. 2812 6110111111 1416. . 011101111υο 1061, 1683, 01101111 621.
1011110 824. 6111111 1. 925. 1952. · 011111 1. 1.

· 6100111111 1. 1160. 61111110 151. 01111 s. 17121910. 0111101180.
61001111101737. 61101001415,1915. 010111 684. 01111011. 19.

61101110 1758. 6110110111 1191,1. 1299. 11101017801912. 0111111111 1. 1500. ,
6111111. 531. 1551. 6111110 1053. 0111101111 11001. 0111111110 1198.
6101 1019. 6111111 had 1397. 0011101111 1087. 01011110 1. 1440.
61110111 1359. 60111111 966. 0111111111 1. 1987. 01011011 154, 189.
61111111 1. 381. 60111 630. 0111111 315. 1. 774. 011101 1. 965.
61111110 814. 60ῑο1011001 255. 0111111111 1112. 0111000000· 1. 1120.
611111 286. 60111011001178,1559. 0111111ιο 1420. lud 1426. 01101670.
nemum. 1109. 60101011. 1731. Hine 1. 1059. 01101111 1. 1161.
6111011,1672,1688,1856. 6010111101 1. 1021, 1337, 0111110 (0111110011) 1. 311, 0111110101 1. 1312.
61111111 1. 1570. 1681, 1939. 2003. 01111110 519.
6101011110 068. 6010111101 1. 1361. 0100100111 1105. 01111 1. 1357.
³ 61001111 262, 595, 850, 0101111100 1115701779. 0111111101 1. 761, 737, 01111111 201, 828, 910.
’ 1626. · . 01011011 1011 1571, 1771. 01111111. 1564. 01101111 895.
6100271 01111110 1154, 1185. 0101101111783. Hiran 11399.

 

