110601101Ιο ’.944
11011101024,1681.
1110610100 1213.
11101006001672.
110110 ’1160 746, 1452
11011 0111 746.

11010 662. 853, 0. 792.
11010100. 1061.
1111111011 1951.
11011110 h·d 1002
1101111121,717,1672
11016101110.1688.
11011100600. 1735.
11011111 163, 275.

’ 1101ωο00116 1413.

1101010060 540.
1101010 87.
1101000600. 531,1555.

· · 1101110110 628

Norrvidinge 111612791944.
710101001976

11010060 1106 216.

1111110 357, 926, 947, 1159.

11110010 (111110) 146·

111111100. 895,1113.

1111011101 887.

11100110 0 747.

1111110110 65.

1111101010 01231.

11116101000610 1106 285.

1101101000. 585.

1110111553.

1100 0 123, 328, 7341373,
1787, 614.

’ 110011081041,1981.

1100110106 1277.

1101111101 01432, 1446.

11011100 1004.

1111101406.

1101110. 01267. ,

00101000. 1060.

0600011010.1335,1184

011000100. 1057.

0110111192

01000 710.

010060 1106 274, 2655.

01010 0. 558

010100101405.

0101010111 166.

0101160578, 1556.

0000100. 548

00010060 239.

op unda h.d 897.

0160010600. 56.

011006001657.

01000. 2971.

011010 625.

0111012034.

0101101004.

011010106 510. 01362.

' · 0111011100. 1713.

01101106 1437, 1974.
331306.
1000101011 633.
00001000·

Ι·

10101110 5.
1010106 344.
01011110 01675.
1111101001696.
11001011101563.
11001010100 1143.
1101011ἁο 01158.
1101011100 985.
11010111 696.
11010010 254, 776.
80100106 72
1100101060. 83.
1101110111 011 1624.
1100011011 2976.
110011011·,60.,290 1677.
3000011100299
11061110 11061461,164,88.
110101οε110 6969, 1627, 1949.
11000000001396
1101100116 96.
11011 0160 1228.
nepum 1265.
60111101001298.
11000100.1321,1588.
1110100. 634.
1111010111 1208.
nimbos. 6012797
6101010010 0. 1123.
1110101011 1123.
11101 0111 661, 1630.
11101101 11110 724.
1100101010 475.
1101110110 0. 1203.
11010100001686.
11011106001064.
1101010111 1325.
6001011000 0. 163
6000100011532
1100106138, 223.
11010010 (3664376.
1101010000 774.
1101001281.
1101011060 369.

’ · ’1111010101Ιο 2862

1100111 398.
1101101101 01609.
1100011011 792, 26601353.

, 80000011001000 106.

110001011ου 2033.
1111001101οη 1279.

. 1111οΙ0100 272.

1100101011 370.
800010061101 1222.
1111001000 0 1303.
1111011100 0. 875.
1101110 11011693.

’ 1101110 01697.

11160 749. .
1116011010100. 1249, im
1160 0. 320, 639.

111 11010 883.
110.. ²³⁰⁵

R 111 0. 883.
1111112198106.
11160013661674.

, 1116ωο01562, 1903.

1111111693.

00
111 110 245.
111011101863.λ
1110106 36.
11111001 2033.
11110106 7ξὲᾆ

0 1060 .
11010. 626.
11010060 56
11000 1006 859.
11011110 1267.
1101111159.

00 0.
8010111013461985.
80101010 786. “
80100100. 618.

0 010 0.1
0· ν 0.

amun 0 00
8010010826.Β
80100011 188.
00

1110
8001111110. 1239.
80000101912.
8010101011 563, 1986.
8010101001311.
8010110 1106 927, 2026.
ἓο1101013ἒ 1078.
6661000610·1106480,2010
0 0·

100 0
0100011
8111011161
8111οἰ110 1116 1858.
8111000
ἓ11101111816160.

1 0
8111001777.
81000101061288. ·
816116818011011 15968166
8101011 1434·
8101100610 116 61.
8101101269.
(81010110 01637
81.0100101Ιο0 1152.
’010000

0000 0
8101101114.

1010101001262196.
1101111101 886.
8101001125.
81000110 699.
81061153.
ἓ1061168050603.

010 0
810016101176,1659.
810110101060.1235.
81011101001684

’ 81011000 0. 511.

8110106 382.
8111110 2070, α.
8110 1276.

81110111 1431.
8111110 0 389.
813611οἁ66ω2978

, 8100, 59.

8111101οι10 106 1231
8116101050111 270.

v 8111100106 1

81011000 01002,
8101100100173. “
8111101010116 1. 1035,

{tzilffiw

· 8111010101 358.

814 0. 351.
81100 1415,1577,1811
1981251.)1974, 1994, 20711
8110110 0. 46.
81101010 1106 13461871
16881985.
81100111 1380,
8111111 1428.
81101ογ 564.
8110111856.
8116010066
81111010112808.
8111111 385, 393, 426, 814. ’
8111012867.
8101110000.1341,1611.
81111016 311.
8111111160 1106 1124
8101101083.
8101001167.
8101001136
81001010100 936
81111000 01366.
0001.1001,1000,1001
8011111111 22, 416, 431. 0 ³
Smul· 0. 1461, 164
8001001016 496 =
801101161235.
80100 685, 0. 366.

”Solitum 1106 363,1673,

611, 0. 389.

8010060 0 835.
13111ῗὲ31 1611 001.
81).0110000 13761692
811 111011100. 872.
8111010 01773.

8111010 0.( (319) 373, 64
8116171111ἓο1 2025.

’8101110283

8106110 168.
81010006 66, 359.
81010101 634.
8101100106 866.
810110106 2016

· 8101002034.

8661616161631. ma.

Ι 8100101010 0 156, fin!

1571, 15161741.

¹ 8100101010 0. 1627.

 

